a, b, c)

Array 1: 10 9 8 7 6 5 4 3 2 1


Using Bubble Sort
[9, 8, 7, 6, 5, 4, 3, 2, 1, 10]
[8, 7, 6, 5, 4, 3, 2, 1, 9, 10]
[7, 6, 5, 4, 3, 2, 1, 8, 9, 10]
[6, 5, 4, 3, 2, 1, 7, 8, 9, 10]
[5, 4, 3, 2, 1, 6, 7, 8, 9, 10]
[4, 3, 2, 1, 5, 6, 7, 8, 9, 10]
[3, 2, 1, 4, 5, 6, 7, 8, 9, 10]
[2, 1, 3, 4, 5, 6, 7, 8, 9, 10]
[1, 2, 3, 4, 5, 6, 7, 8, 9, 10]
After sorting:
[1, 2, 3, 4, 5, 6, 7, 8, 9, 10]
Number of swap :45
Number of compair: 45

Using Insert Sort
[10, 10, 8, 7, 6, 5, 4, 3, 2, 1]
[9, 9, 10, 7, 6, 5, 4, 3, 2, 1]
[8, 8, 9, 10, 6, 5, 4, 3, 2, 1]
[7, 7, 8, 9, 10, 5, 4, 3, 2, 1]
[6, 6, 7, 8, 9, 10, 4, 3, 2, 1]
[5, 5, 6, 7, 8, 9, 10, 3, 2, 1]
[4, 4, 5, 6, 7, 8, 9, 10, 2, 1]
[3, 3, 4, 5, 6, 7, 8, 9, 10, 1]
[2, 2, 3, 4, 5, 6, 7, 8, 9, 10]
After sorting:
[1, 2, 3, 4, 5, 6, 7, 8, 9, 10]
Number of swap :54
Number of compair: 45

Using Selection Sort
[1, 9, 8, 7, 6, 5, 4, 3, 2, 10]
[1, 2, 8, 7, 6, 5, 4, 3, 9, 10]
[1, 2, 3, 7, 6, 5, 4, 8, 9, 10]
[1, 2, 3, 4, 6, 5, 7, 8, 9, 10]
[1, 2, 3, 4, 5, 6, 7, 8, 9, 10]
[1, 2, 3, 4, 5, 6, 7, 8, 9, 10]
[1, 2, 3, 4, 5, 6, 7, 8, 9, 10]
[1, 2, 3, 4, 5, 6, 7, 8, 9, 10]
[1, 2, 3, 4, 5, 6, 7, 8, 9, 10]
[1, 2, 3, 4, 5, 6, 7, 8, 9, 10]
After sorting:
[1, 2, 3, 4, 5, 6, 7, 8, 9, 10]
Number of swap :5
Number of compair: 45

Using Merge Sort
[9, 10, 8, 7, 6, 5, 4, 3, 2, 1]
[8, 9, 10, 7, 6, 5, 4, 3, 2, 1]
[8, 9, 10, 6, 7, 5, 4, 3, 2, 1]
[6, 7, 8, 9, 10, 5, 4, 3, 2, 1]
[6, 7, 8, 9, 10, 4, 5, 3, 2, 1]
[6, 7, 8, 9, 10, 3, 4, 5, 2, 1]
[6, 7, 8, 9, 10, 3, 4, 5, 1, 2]
[6, 7, 8, 9, 10, 1, 2, 3, 4, 5]
[1, 2, 3, 4, 5, 6, 7, 8, 9, 10]
After sorting:
[1, 2, 3, 4, 5, 6, 7, 8, 9, 10]
Number of swap :34
Number of compair: 15

Using Quick Sort
[1, 2, 3, 4, 5, 6, 7, 8, 9, 10]
[1, 2, 3, 4, 5, 6, 7, 8, 9, 10]
[1, 2, 3, 4, 5, 6, 7, 8, 9, 10]
[1, 2, 3, 4, 5, 6, 7, 8, 9, 10]
[1, 2, 3, 4, 5, 6, 7, 8, 9, 10]
[1, 2, 3, 4, 5, 6, 7, 8, 9, 10]
[1, 2, 3, 4, 5, 6, 7, 8, 9, 10]
[1, 2, 3, 4, 5, 6, 7, 8, 9, 10]
[1, 2, 3, 4, 5, 6, 7, 8, 9, 10]
[1, 2, 3, 4, 5, 6, 7, 8, 9, 10]
[1, 2, 3, 4, 5, 6, 7, 8, 9, 10]
[1, 2, 3, 4, 5, 6, 7, 8, 9, 10]
[1, 2, 3, 4, 5, 6, 7, 8, 9, 10]
[1, 2, 3, 4, 5, 6, 7, 8, 9, 10]
[1, 2, 3, 4, 5, 6, 7, 8, 9, 10]
[1, 2, 3, 4, 5, 6, 7, 8, 9, 10]
[1, 2, 3, 4, 5, 6, 7, 8, 9, 10]
[1, 2, 3, 4, 5, 6, 7, 8, 9, 10]
After sorting:
[1, 2, 3, 4, 5, 6, 7, 8, 9, 10]
Number of swap :5
Number of compair: 16

Array 2:
length of arr2 = 30
Using Bubble Sort
[11378, 27657, 31821, 38076, 81419, 60236, 69910, 19513, 21097, 68580, 70195, 68644, 69636, 37867, 51923, 3235, 8929, 9416, 12101, 13259, 80180, 91900, 91069, 60438, 36693, 20933, 29962, 69176, 74877, 96572]
[11378, 27657, 31821, 38076, 60236, 69910, 19513, 21097, 68580, 70195, 68644, 69636, 37867, 51923, 3235, 8929, 9416, 12101, 13259, 80180, 81419, 91069, 60438, 36693, 20933, 29962, 69176, 74877, 91900, 96572]
[11378, 27657, 31821, 38076, 60236, 19513, 21097, 68580, 69910, 68644, 69636, 37867, 51923, 3235, 8929, 9416, 12101, 13259, 70195, 80180, 81419, 60438, 36693, 20933, 29962, 69176, 74877, 91069, 91900, 96572]
[11378, 27657, 31821, 38076, 19513, 21097, 60236, 68580, 68644, 69636, 37867, 51923, 3235, 8929, 9416, 12101, 13259, 69910, 70195, 80180, 60438, 36693, 20933, 29962, 69176, 74877, 81419, 91069, 91900, 96572]
[11378, 27657, 31821, 19513, 21097, 38076, 60236, 68580, 68644, 37867, 51923, 3235, 8929, 9416, 12101, 13259, 69636, 69910, 70195, 60438, 36693, 20933, 29962, 69176, 74877, 80180, 81419, 91069, 91900, 96572]
[11378, 27657, 19513, 21097, 31821, 38076, 60236, 68580, 37867, 51923, 3235, 8929, 9416, 12101, 13259, 68644, 69636, 69910, 60438, 36693, 20933, 29962, 69176, 70195, 74877, 80180, 81419, 91069, 91900, 96572]
[11378, 19513, 21097, 27657, 31821, 38076, 60236, 37867, 51923, 3235, 8929, 9416, 12101, 13259, 68580, 68644, 69636, 60438, 36693, 20933, 29962, 69176, 69910, 70195, 74877, 80180, 81419, 91069, 91900, 96572]
[11378, 19513, 21097, 27657, 31821, 38076, 37867, 51923, 3235, 8929, 9416, 12101, 13259, 60236, 68580, 68644, 60438, 36693, 20933, 29962, 69176, 69636, 69910, 70195, 74877, 80180, 81419, 91069, 91900, 96572]
[11378, 19513, 21097, 27657, 31821, 37867, 38076, 3235, 8929, 9416, 12101, 13259, 51923, 60236, 68580, 60438, 36693, 20933, 29962, 68644, 69176, 69636, 69910, 70195, 74877, 80180, 81419, 91069, 91900, 96572]
[11378, 19513, 21097, 27657, 31821, 37867, 3235, 8929, 9416, 12101, 13259, 38076, 51923, 60236, 60438, 36693, 20933, 29962, 68580, 68644, 69176, 69636, 69910, 70195, 74877, 80180, 81419, 91069, 91900, 96572]
[11378, 19513, 21097, 27657, 31821, 3235, 8929, 9416, 12101, 13259, 37867, 38076, 51923, 60236, 36693, 20933, 29962, 60438, 68580, 68644, 69176, 69636, 69910, 70195, 74877, 80180, 81419, 91069, 91900, 96572]
[11378, 19513, 21097, 27657, 3235, 8929, 9416, 12101, 13259, 31821, 37867, 38076, 51923, 36693, 20933, 29962, 60236, 60438, 68580, 68644, 69176, 69636, 69910, 70195, 74877, 80180, 81419, 91069, 91900, 96572]
[11378, 19513, 21097, 3235, 8929, 9416, 12101, 13259, 27657, 31821, 37867, 38076, 36693, 20933, 29962, 51923, 60236, 60438, 68580, 68644, 69176, 69636, 69910, 70195, 74877, 80180, 81419, 91069, 91900, 96572]
[11378, 19513, 3235, 8929, 9416, 12101, 13259, 21097, 27657, 31821, 37867, 36693, 20933, 29962, 38076, 51923, 60236, 60438, 68580, 68644, 69176, 69636, 69910, 70195, 74877, 80180, 81419, 91069, 91900, 96572]
[11378, 3235, 8929, 9416, 12101, 13259, 19513, 21097, 27657, 31821, 36693, 20933, 29962, 37867, 38076, 51923, 60236, 60438, 68580, 68644, 69176, 69636, 69910, 70195, 74877, 80180, 81419, 91069, 91900, 96572]
[3235, 8929, 9416, 11378, 12101, 13259, 19513, 21097, 27657, 31821, 20933, 29962, 36693, 37867, 38076, 51923, 60236, 60438, 68580, 68644, 69176, 69636, 69910, 70195, 74877, 80180, 81419, 91069, 91900, 96572]
[3235, 8929, 9416, 11378, 12101, 13259, 19513, 21097, 27657, 20933, 29962, 31821, 36693, 37867, 38076, 51923, 60236, 60438, 68580, 68644, 69176, 69636, 69910, 70195, 74877, 80180, 81419, 91069, 91900, 96572]
[3235, 8929, 9416, 11378, 12101, 13259, 19513, 21097, 20933, 27657, 29962, 31821, 36693, 37867, 38076, 51923, 60236, 60438, 68580, 68644, 69176, 69636, 69910, 70195, 74877, 80180, 81419, 91069, 91900, 96572]
[3235, 8929, 9416, 11378, 12101, 13259, 19513, 20933, 21097, 27657, 29962, 31821, 36693, 37867, 38076, 51923, 60236, 60438, 68580, 68644, 69176, 69636, 69910, 70195, 74877, 80180, 81419, 91069, 91900, 96572]
[3235, 8929, 9416, 11378, 12101, 13259, 19513, 20933, 21097, 27657, 29962, 31821, 36693, 37867, 38076, 51923, 60236, 60438, 68580, 68644, 69176, 69636, 69910, 70195, 74877, 80180, 81419, 91069, 91900, 96572]
After sorting:
[3235, 8929, 9416, 11378, 12101, 13259, 19513, 20933, 21097, 27657, 29962, 31821, 36693, 37867, 38076, 51923, 60236, 60438, 68580, 68644, 69176, 69636, 69910, 70195, 74877, 80180, 81419, 91069, 91900, 96572]
Number of swap :252
Number of compair: 435

Using Insert Sort
[11378, 27657, 91900, 31821, 38076, 81419, 60236, 69910, 19513, 21097, 68580, 70195, 68644, 69636, 37867, 51923, 3235, 8929, 9416, 12101, 13259, 80180, 96572, 91069, 60438, 36693, 20933, 29962, 69176, 74877]
[11378, 27657, 91900, 31821, 38076, 81419, 60236, 69910, 19513, 21097, 68580, 70195, 68644, 69636, 37867, 51923, 3235, 8929, 9416, 12101, 13259, 80180, 96572, 91069, 60438, 36693, 20933, 29962, 69176, 74877]
[11378, 27657, 91900, 91900, 38076, 81419, 60236, 69910, 19513, 21097, 68580, 70195, 68644, 69636, 37867, 51923, 3235, 8929, 9416, 12101, 13259, 80180, 96572, 91069, 60438, 36693, 20933, 29962, 69176, 74877]
[11378, 27657, 31821, 91900, 91900, 81419, 60236, 69910, 19513, 21097, 68580, 70195, 68644, 69636, 37867, 51923, 3235, 8929, 9416, 12101, 13259, 80180, 96572, 91069, 60438, 36693, 20933, 29962, 69176, 74877]
[11378, 27657, 31821, 38076, 91900, 91900, 60236, 69910, 19513, 21097, 68580, 70195, 68644, 69636, 37867, 51923, 3235, 8929, 9416, 12101, 13259, 80180, 96572, 91069, 60438, 36693, 20933, 29962, 69176, 74877]
[11378, 27657, 31821, 38076, 81419, 81419, 91900, 69910, 19513, 21097, 68580, 70195, 68644, 69636, 37867, 51923, 3235, 8929, 9416, 12101, 13259, 80180, 96572, 91069, 60438, 36693, 20933, 29962, 69176, 74877]
[11378, 27657, 31821, 38076, 60236, 81419, 81419, 91900, 19513, 21097, 68580, 70195, 68644, 69636, 37867, 51923, 3235, 8929, 9416, 12101, 13259, 80180, 96572, 91069, 60438, 36693, 20933, 29962, 69176, 74877]
[11378, 27657, 27657, 31821, 38076, 60236, 69910, 81419, 91900, 21097, 68580, 70195, 68644, 69636, 37867, 51923, 3235, 8929, 9416, 12101, 13259, 80180, 96572, 91069, 60438, 36693, 20933, 29962, 69176, 74877]
[11378, 19513, 27657, 27657, 31821, 38076, 60236, 69910, 81419, 91900, 68580, 70195, 68644, 69636, 37867, 51923, 3235, 8929, 9416, 12101, 13259, 80180, 96572, 91069, 60438, 36693, 20933, 29962, 69176, 74877]
[11378, 19513, 21097, 27657, 31821, 38076, 60236, 69910, 69910, 81419, 91900, 70195, 68644, 69636, 37867, 51923, 3235, 8929, 9416, 12101, 13259, 80180, 96572, 91069, 60438, 36693, 20933, 29962, 69176, 74877]
[11378, 19513, 21097, 27657, 31821, 38076, 60236, 68580, 69910, 81419, 81419, 91900, 68644, 69636, 37867, 51923, 3235, 8929, 9416, 12101, 13259, 80180, 96572, 91069, 60438, 36693, 20933, 29962, 69176, 74877]
[11378, 19513, 21097, 27657, 31821, 38076, 60236, 68580, 69910, 69910, 70195, 81419, 91900, 69636, 37867, 51923, 3235, 8929, 9416, 12101, 13259, 80180, 96572, 91069, 60438, 36693, 20933, 29962, 69176, 74877]
[11378, 19513, 21097, 27657, 31821, 38076, 60236, 68580, 68644, 69910, 69910, 70195, 81419, 91900, 37867, 51923, 3235, 8929, 9416, 12101, 13259, 80180, 96572, 91069, 60438, 36693, 20933, 29962, 69176, 74877]
[11378, 19513, 21097, 27657, 31821, 38076, 38076, 60236, 68580, 68644, 69636, 69910, 70195, 81419, 91900, 51923, 3235, 8929, 9416, 12101, 13259, 80180, 96572, 91069, 60438, 36693, 20933, 29962, 69176, 74877]
[11378, 19513, 21097, 27657, 31821, 37867, 38076, 60236, 60236, 68580, 68644, 69636, 69910, 70195, 81419, 91900, 3235, 8929, 9416, 12101, 13259, 80180, 96572, 91069, 60438, 36693, 20933, 29962, 69176, 74877]
[11378, 11378, 19513, 21097, 27657, 31821, 37867, 38076, 51923, 60236, 68580, 68644, 69636, 69910, 70195, 81419, 91900, 8929, 9416, 12101, 13259, 80180, 96572, 91069, 60438, 36693, 20933, 29962, 69176, 74877]
[3235, 11378, 11378, 19513, 21097, 27657, 31821, 37867, 38076, 51923, 60236, 68580, 68644, 69636, 69910, 70195, 81419, 91900, 9416, 12101, 13259, 80180, 96572, 91069, 60438, 36693, 20933, 29962, 69176, 74877]
[3235, 8929, 11378, 11378, 19513, 21097, 27657, 31821, 37867, 38076, 51923, 60236, 68580, 68644, 69636, 69910, 70195, 81419, 91900, 12101, 13259, 80180, 96572, 91069, 60438, 36693, 20933, 29962, 69176, 74877]
[3235, 8929, 9416, 11378, 19513, 19513, 21097, 27657, 31821, 37867, 38076, 51923, 60236, 68580, 68644, 69636, 69910, 70195, 81419, 91900, 13259, 80180, 96572, 91069, 60438, 36693, 20933, 29962, 69176, 74877]
[3235, 8929, 9416, 11378, 12101, 19513, 19513, 21097, 27657, 31821, 37867, 38076, 51923, 60236, 68580, 68644, 69636, 69910, 70195, 81419, 91900, 80180, 96572, 91069, 60438, 36693, 20933, 29962, 69176, 74877]
[3235, 8929, 9416, 11378, 12101, 13259, 19513, 21097, 27657, 31821, 37867, 38076, 51923, 60236, 68580, 68644, 69636, 69910, 70195, 81419, 81419, 91900, 96572, 91069, 60438, 36693, 20933, 29962, 69176, 74877]
[3235, 8929, 9416, 11378, 12101, 13259, 19513, 21097, 27657, 31821, 37867, 38076, 51923, 60236, 68580, 68644, 69636, 69910, 70195, 80180, 81419, 91900, 96572, 91069, 60438, 36693, 20933, 29962, 69176, 74877]
[3235, 8929, 9416, 11378, 12101, 13259, 19513, 21097, 27657, 31821, 37867, 38076, 51923, 60236, 68580, 68644, 69636, 69910, 70195, 80180, 81419, 91900, 91900, 96572, 60438, 36693, 20933, 29962, 69176, 74877]
[3235, 8929, 9416, 11378, 12101, 13259, 19513, 21097, 27657, 31821, 37867, 38076, 51923, 60236, 68580, 68580, 68644, 69636, 69910, 70195, 80180, 81419, 91069, 91900, 96572, 36693, 20933, 29962, 69176, 74877]
[3235, 8929, 9416, 11378, 12101, 13259, 19513, 21097, 27657, 31821, 37867, 37867, 38076, 51923, 60236, 60438, 68580, 68644, 69636, 69910, 70195, 80180, 81419, 91069, 91900, 96572, 20933, 29962, 69176, 74877]
[3235, 8929, 9416, 11378, 12101, 13259, 19513, 21097, 21097, 27657, 31821, 36693, 37867, 38076, 51923, 60236, 60438, 68580, 68644, 69636, 69910, 70195, 80180, 81419, 91069, 91900, 96572, 29962, 69176, 74877]
[3235, 8929, 9416, 11378, 12101, 13259, 19513, 20933, 21097, 27657, 31821, 31821, 36693, 37867, 38076, 51923, 60236, 60438, 68580, 68644, 69636, 69910, 70195, 80180, 81419, 91069, 91900, 96572, 69176, 74877]
[3235, 8929, 9416, 11378, 12101, 13259, 19513, 20933, 21097, 27657, 29962, 31821, 36693, 37867, 38076, 51923, 60236, 60438, 68580, 68644, 69636, 69636, 69910, 70195, 80180, 81419, 91069, 91900, 96572, 74877]
[3235, 8929, 9416, 11378, 12101, 13259, 19513, 20933, 21097, 27657, 29962, 31821, 36693, 37867, 38076, 51923, 60236, 60438, 68580, 68644, 69176, 69636, 69910, 70195, 80180, 80180, 81419, 91069, 91900, 96572]
After sorting:
[3235, 8929, 9416, 11378, 12101, 13259, 19513, 20933, 21097, 27657, 29962, 31821, 36693, 37867, 38076, 51923, 60236, 60438, 68580, 68644, 69176, 69636, 69910, 70195, 74877, 80180, 81419, 91069, 91900, 96572]
Number of swap :290
Number of compair: 252

Using Selection Sort
[3235, 27657, 91900, 31821, 38076, 81419, 60236, 69910, 19513, 21097, 68580, 70195, 68644, 69636, 37867, 51923, 11378, 8929, 9416, 12101, 13259, 80180, 96572, 91069, 60438, 36693, 20933, 29962, 69176, 74877]
[3235, 8929, 91900, 31821, 38076, 81419, 60236, 69910, 19513, 21097, 68580, 70195, 68644, 69636, 37867, 51923, 11378, 27657, 9416, 12101, 13259, 80180, 96572, 91069, 60438, 36693, 20933, 29962, 69176, 74877]
[3235, 8929, 9416, 31821, 38076, 81419, 60236, 69910, 19513, 21097, 68580, 70195, 68644, 69636, 37867, 51923, 11378, 27657, 91900, 12101, 13259, 80180, 96572, 91069, 60438, 36693, 20933, 29962, 69176, 74877]
[3235, 8929, 9416, 11378, 38076, 81419, 60236, 69910, 19513, 21097, 68580, 70195, 68644, 69636, 37867, 51923, 31821, 27657, 91900, 12101, 13259, 80180, 96572, 91069, 60438, 36693, 20933, 29962, 69176, 74877]
[3235, 8929, 9416, 11378, 12101, 81419, 60236, 69910, 19513, 21097, 68580, 70195, 68644, 69636, 37867, 51923, 31821, 27657, 91900, 38076, 13259, 80180, 96572, 91069, 60438, 36693, 20933, 29962, 69176, 74877]
[3235, 8929, 9416, 11378, 12101, 13259, 60236, 69910, 19513, 21097, 68580, 70195, 68644, 69636, 37867, 51923, 31821, 27657, 91900, 38076, 81419, 80180, 96572, 91069, 60438, 36693, 20933, 29962, 69176, 74877]
[3235, 8929, 9416, 11378, 12101, 13259, 19513, 69910, 60236, 21097, 68580, 70195, 68644, 69636, 37867, 51923, 31821, 27657, 91900, 38076, 81419, 80180, 96572, 91069, 60438, 36693, 20933, 29962, 69176, 74877]
[3235, 8929, 9416, 11378, 12101, 13259, 19513, 20933, 60236, 21097, 68580, 70195, 68644, 69636, 37867, 51923, 31821, 27657, 91900, 38076, 81419, 80180, 96572, 91069, 60438, 36693, 69910, 29962, 69176, 74877]
[3235, 8929, 9416, 11378, 12101, 13259, 19513, 20933, 21097, 60236, 68580, 70195, 68644, 69636, 37867, 51923, 31821, 27657, 91900, 38076, 81419, 80180, 96572, 91069, 60438, 36693, 69910, 29962, 69176, 74877]
[3235, 8929, 9416, 11378, 12101, 13259, 19513, 20933, 21097, 27657, 68580, 70195, 68644, 69636, 37867, 51923, 31821, 60236, 91900, 38076, 81419, 80180, 96572, 91069, 60438, 36693, 69910, 29962, 69176, 74877]
[3235, 8929, 9416, 11378, 12101, 13259, 19513, 20933, 21097, 27657, 29962, 70195, 68644, 69636, 37867, 51923, 31821, 60236, 91900, 38076, 81419, 80180, 96572, 91069, 60438, 36693, 69910, 68580, 69176, 74877]
[3235, 8929, 9416, 11378, 12101, 13259, 19513, 20933, 21097, 27657, 29962, 31821, 68644, 69636, 37867, 51923, 70195, 60236, 91900, 38076, 81419, 80180, 96572, 91069, 60438, 36693, 69910, 68580, 69176, 74877]
[3235, 8929, 9416, 11378, 12101, 13259, 19513, 20933, 21097, 27657, 29962, 31821, 36693, 69636, 37867, 51923, 70195, 60236, 91900, 38076, 81419, 80180, 96572, 91069, 60438, 68644, 69910, 68580, 69176, 74877]
[3235, 8929, 9416, 11378, 12101, 13259, 19513, 20933, 21097, 27657, 29962, 31821, 36693, 37867, 69636, 51923, 70195, 60236, 91900, 38076, 81419, 80180, 96572, 91069, 60438, 68644, 69910, 68580, 69176, 74877]
[3235, 8929, 9416, 11378, 12101, 13259, 19513, 20933, 21097, 27657, 29962, 31821, 36693, 37867, 38076, 51923, 70195, 60236, 91900, 69636, 81419, 80180, 96572, 91069, 60438, 68644, 69910, 68580, 69176, 74877]
[3235, 8929, 9416, 11378, 12101, 13259, 19513, 20933, 21097, 27657, 29962, 31821, 36693, 37867, 38076, 51923, 70195, 60236, 91900, 69636, 81419, 80180, 96572, 91069, 60438, 68644, 69910, 68580, 69176, 74877]
[3235, 8929, 9416, 11378, 12101, 13259, 19513, 20933, 21097, 27657, 29962, 31821, 36693, 37867, 38076, 51923, 60236, 70195, 91900, 69636, 81419, 80180, 96572, 91069, 60438, 68644, 69910, 68580, 69176, 74877]
[3235, 8929, 9416, 11378, 12101, 13259, 19513, 20933, 21097, 27657, 29962, 31821, 36693, 37867, 38076, 51923, 60236, 60438, 91900, 69636, 81419, 80180, 96572, 91069, 70195, 68644, 69910, 68580, 69176, 74877]
[3235, 8929, 9416, 11378, 12101, 13259, 19513, 20933, 21097, 27657, 29962, 31821, 36693, 37867, 38076, 51923, 60236, 60438, 68580, 69636, 81419, 80180, 96572, 91069, 70195, 68644, 69910, 91900, 69176, 74877]
[3235, 8929, 9416, 11378, 12101, 13259, 19513, 20933, 21097, 27657, 29962, 31821, 36693, 37867, 38076, 51923, 60236, 60438, 68580, 68644, 81419, 80180, 96572, 91069, 70195, 69636, 69910, 91900, 69176, 74877]
[3235, 8929, 9416, 11378, 12101, 13259, 19513, 20933, 21097, 27657, 29962, 31821, 36693, 37867, 38076, 51923, 60236, 60438, 68580, 68644, 69176, 80180, 96572, 91069, 70195, 69636, 69910, 91900, 81419, 74877]
[3235, 8929, 9416, 11378, 12101, 13259, 19513, 20933, 21097, 27657, 29962, 31821, 36693, 37867, 38076, 51923, 60236, 60438, 68580, 68644, 69176, 69636, 96572, 91069, 70195, 80180, 69910, 91900, 81419, 74877]
[3235, 8929, 9416, 11378, 12101, 13259, 19513, 20933, 21097, 27657, 29962, 31821, 36693, 37867, 38076, 51923, 60236, 60438, 68580, 68644, 69176, 69636, 69910, 91069, 70195, 80180, 96572, 91900, 81419, 74877]
[3235, 8929, 9416, 11378, 12101, 13259, 19513, 20933, 21097, 27657, 29962, 31821, 36693, 37867, 38076, 51923, 60236, 60438, 68580, 68644, 69176, 69636, 69910, 70195, 91069, 80180, 96572, 91900, 81419, 74877]
[3235, 8929, 9416, 11378, 12101, 13259, 19513, 20933, 21097, 27657, 29962, 31821, 36693, 37867, 38076, 51923, 60236, 60438, 68580, 68644, 69176, 69636, 69910, 70195, 74877, 80180, 96572, 91900, 81419, 91069]
[3235, 8929, 9416, 11378, 12101, 13259, 19513, 20933, 21097, 27657, 29962, 31821, 36693, 37867, 38076, 51923, 60236, 60438, 68580, 68644, 69176, 69636, 69910, 70195, 74877, 80180, 96572, 91900, 81419, 91069]
[3235, 8929, 9416, 11378, 12101, 13259, 19513, 20933, 21097, 27657, 29962, 31821, 36693, 37867, 38076, 51923, 60236, 60438, 68580, 68644, 69176, 69636, 69910, 70195, 74877, 80180, 81419, 91900, 96572, 91069]
[3235, 8929, 9416, 11378, 12101, 13259, 19513, 20933, 21097, 27657, 29962, 31821, 36693, 37867, 38076, 51923, 60236, 60438, 68580, 68644, 69176, 69636, 69910, 70195, 74877, 80180, 81419, 91069, 96572, 91900]
[3235, 8929, 9416, 11378, 12101, 13259, 19513, 20933, 21097, 27657, 29962, 31821, 36693, 37867, 38076, 51923, 60236, 60438, 68580, 68644, 69176, 69636, 69910, 70195, 74877, 80180, 81419, 91069, 91900, 96572]
[3235, 8929, 9416, 11378, 12101, 13259, 19513, 20933, 21097, 27657, 29962, 31821, 36693, 37867, 38076, 51923, 60236, 60438, 68580, 68644, 69176, 69636, 69910, 70195, 74877, 80180, 81419, 91069, 91900, 96572]
After sorting:
[3235, 8929, 9416, 11378, 12101, 13259, 19513, 20933, 21097, 27657, 29962, 31821, 36693, 37867, 38076, 51923, 60236, 60438, 68580, 68644, 69176, 69636, 69910, 70195, 74877, 80180, 81419, 91069, 91900, 96572]
Number of swap :32
Number of compair: 480

Using Merge Sort
[11378, 27657, 91900, 31821, 38076, 81419, 60236, 69910, 19513, 21097, 68580, 70195, 68644, 69636, 37867, 51923, 3235, 8929, 9416, 12101, 13259, 80180, 96572, 91069, 60438, 36693, 20933, 29962, 69176, 74877]
[11378, 27657, 31821, 91900, 38076, 81419, 60236, 69910, 19513, 21097, 68580, 70195, 68644, 69636, 37867, 51923, 3235, 8929, 9416, 12101, 13259, 80180, 96572, 91069, 60438, 36693, 20933, 29962, 69176, 74877]
[11378, 27657, 31821, 91900, 38076, 81419, 60236, 69910, 19513, 21097, 68580, 70195, 68644, 69636, 37867, 51923, 3235, 8929, 9416, 12101, 13259, 80180, 96572, 91069, 60438, 36693, 20933, 29962, 69176, 74877]
[11378, 27657, 31821, 91900, 38076, 81419, 60236, 69910, 19513, 21097, 68580, 70195, 68644, 69636, 37867, 51923, 3235, 8929, 9416, 12101, 13259, 80180, 96572, 91069, 60438, 36693, 20933, 29962, 69176, 74877]
[11378, 27657, 31821, 91900, 38076, 81419, 60236, 69910, 19513, 21097, 68580, 70195, 68644, 69636, 37867, 51923, 3235, 8929, 9416, 12101, 13259, 80180, 96572, 91069, 60438, 36693, 20933, 29962, 69176, 74877]
[11378, 27657, 31821, 91900, 38076, 60236, 69910, 81419, 19513, 21097, 68580, 70195, 68644, 69636, 37867, 51923, 3235, 8929, 9416, 12101, 13259, 80180, 96572, 91069, 60438, 36693, 20933, 29962, 69176, 74877]
[11378, 27657, 31821, 38076, 60236, 69910, 81419, 91900, 19513, 21097, 68580, 70195, 68644, 69636, 37867, 51923, 3235, 8929, 9416, 12101, 13259, 80180, 96572, 91069, 60438, 36693, 20933, 29962, 69176, 74877]
[11378, 27657, 31821, 38076, 60236, 69910, 81419, 91900, 19513, 21097, 68580, 70195, 68644, 69636, 37867, 51923, 3235, 8929, 9416, 12101, 13259, 80180, 96572, 91069, 60438, 36693, 20933, 29962, 69176, 74877]
[11378, 27657, 31821, 38076, 60236, 69910, 81419, 91900, 19513, 21097, 68580, 70195, 68644, 69636, 37867, 51923, 3235, 8929, 9416, 12101, 13259, 80180, 96572, 91069, 60438, 36693, 20933, 29962, 69176, 74877]
[11378, 27657, 31821, 38076, 60236, 69910, 81419, 91900, 19513, 21097, 68580, 70195, 68644, 69636, 37867, 51923, 3235, 8929, 9416, 12101, 13259, 80180, 96572, 91069, 60438, 36693, 20933, 29962, 69176, 74877]
[11378, 27657, 31821, 38076, 60236, 69910, 81419, 91900, 19513, 21097, 68580, 70195, 68644, 69636, 37867, 51923, 3235, 8929, 9416, 12101, 13259, 80180, 96572, 91069, 60438, 36693, 20933, 29962, 69176, 74877]
[11378, 27657, 31821, 38076, 60236, 69910, 81419, 91900, 19513, 21097, 68580, 70195, 37867, 68644, 69636, 51923, 3235, 8929, 9416, 12101, 13259, 80180, 96572, 91069, 60438, 36693, 20933, 29962, 69176, 74877]
[11378, 27657, 31821, 38076, 60236, 69910, 81419, 91900, 19513, 21097, 37867, 68580, 68644, 69636, 70195, 51923, 3235, 8929, 9416, 12101, 13259, 80180, 96572, 91069, 60438, 36693, 20933, 29962, 69176, 74877]
[11378, 19513, 21097, 27657, 31821, 37867, 38076, 60236, 68580, 68644, 69636, 69910, 70195, 81419, 91900, 51923, 3235, 8929, 9416, 12101, 13259, 80180, 96572, 91069, 60438, 36693, 20933, 29962, 69176, 74877]
[11378, 19513, 21097, 27657, 31821, 37867, 38076, 60236, 68580, 68644, 69636, 69910, 70195, 81419, 91900, 3235, 51923, 8929, 9416, 12101, 13259, 80180, 96572, 91069, 60438, 36693, 20933, 29962, 69176, 74877]
[11378, 19513, 21097, 27657, 31821, 37867, 38076, 60236, 68580, 68644, 69636, 69910, 70195, 81419, 91900, 3235, 51923, 8929, 9416, 12101, 13259, 80180, 96572, 91069, 60438, 36693, 20933, 29962, 69176, 74877]
[11378, 19513, 21097, 27657, 31821, 37867, 38076, 60236, 68580, 68644, 69636, 69910, 70195, 81419, 91900, 3235, 8929, 9416, 51923, 12101, 13259, 80180, 96572, 91069, 60438, 36693, 20933, 29962, 69176, 74877]
[11378, 19513, 21097, 27657, 31821, 37867, 38076, 60236, 68580, 68644, 69636, 69910, 70195, 81419, 91900, 3235, 8929, 9416, 51923, 12101, 13259, 80180, 96572, 91069, 60438, 36693, 20933, 29962, 69176, 74877]
[11378, 19513, 21097, 27657, 31821, 37867, 38076, 60236, 68580, 68644, 69636, 69910, 70195, 81419, 91900, 3235, 8929, 9416, 51923, 12101, 13259, 80180, 96572, 91069, 60438, 36693, 20933, 29962, 69176, 74877]
[11378, 19513, 21097, 27657, 31821, 37867, 38076, 60236, 68580, 68644, 69636, 69910, 70195, 81419, 91900, 3235, 8929, 9416, 51923, 12101, 13259, 80180, 96572, 91069, 60438, 36693, 20933, 29962, 69176, 74877]
[11378, 19513, 21097, 27657, 31821, 37867, 38076, 60236, 68580, 68644, 69636, 69910, 70195, 81419, 91900, 3235, 8929, 9416, 12101, 13259, 51923, 80180, 96572, 91069, 60438, 36693, 20933, 29962, 69176, 74877]
[11378, 19513, 21097, 27657, 31821, 37867, 38076, 60236, 68580, 68644, 69636, 69910, 70195, 81419, 91900, 3235, 8929, 9416, 12101, 13259, 51923, 80180, 96572, 60438, 91069, 36693, 20933, 29962, 69176, 74877]
[11378, 19513, 21097, 27657, 31821, 37867, 38076, 60236, 68580, 68644, 69636, 69910, 70195, 81419, 91900, 3235, 8929, 9416, 12101, 13259, 51923, 80180, 96572, 60438, 91069, 20933, 36693, 29962, 69176, 74877]
[11378, 19513, 21097, 27657, 31821, 37867, 38076, 60236, 68580, 68644, 69636, 69910, 70195, 81419, 91900, 3235, 8929, 9416, 12101, 13259, 51923, 80180, 96572, 20933, 36693, 60438, 91069, 29962, 69176, 74877]
[11378, 19513, 21097, 27657, 31821, 37867, 38076, 60236, 68580, 68644, 69636, 69910, 70195, 81419, 91900, 3235, 8929, 9416, 12101, 13259, 51923, 80180, 96572, 20933, 36693, 60438, 91069, 29962, 69176, 74877]
[11378, 19513, 21097, 27657, 31821, 37867, 38076, 60236, 68580, 68644, 69636, 69910, 70195, 81419, 91900, 3235, 8929, 9416, 12101, 13259, 51923, 80180, 96572, 20933, 36693, 60438, 91069, 29962, 69176, 74877]
[11378, 19513, 21097, 27657, 31821, 37867, 38076, 60236, 68580, 68644, 69636, 69910, 70195, 81419, 91900, 3235, 8929, 9416, 12101, 13259, 51923, 80180, 96572, 20933, 29962, 36693, 60438, 69176, 74877, 91069]
[11378, 19513, 21097, 27657, 31821, 37867, 38076, 60236, 68580, 68644, 69636, 69910, 70195, 81419, 91900, 3235, 8929, 9416, 12101, 13259, 20933, 29962, 36693, 51923, 60438, 69176, 74877, 80180, 91069, 96572]
[3235, 8929, 9416, 11378, 12101, 13259, 19513, 20933, 21097, 27657, 29962, 31821, 36693, 37867, 38076, 51923, 60236, 60438, 68580, 68644, 69176, 69636, 69910, 70195, 74877, 80180, 81419, 91069, 91900, 96572]
After sorting:
[3235, 8929, 9416, 11378, 12101, 13259, 19513, 20933, 21097, 27657, 29962, 31821, 36693, 37867, 38076, 51923, 60236, 60438, 68580, 68644, 69176, 69636, 69910, 70195, 74877, 80180, 81419, 91069, 91900, 96572]
Number of swap :182
Number of compair: 127

Using Quick Sort
[3235, 8929, 11378, 9416, 12101, 13259, 36693, 20933, 19513, 21097, 31821, 29962, 27657, 37867, 69636, 51923, 68644, 70195, 68580, 69910, 60236, 80180, 96572, 91069, 60438, 81419, 38076, 91900, 69176, 74877]
[3235, 8929, 11378, 9416, 12101, 13259, 36693, 20933, 19513, 21097, 31821, 29962, 27657, 37867, 69636, 51923, 68644, 70195, 68580, 69910, 60236, 80180, 96572, 91069, 60438, 81419, 38076, 91900, 69176, 74877]
[3235, 8929, 11378, 9416, 12101, 13259, 36693, 20933, 19513, 21097, 31821, 29962, 27657, 37867, 69636, 51923, 68644, 70195, 68580, 69910, 60236, 80180, 96572, 91069, 60438, 81419, 38076, 91900, 69176, 74877]
[3235, 8929, 9416, 11378, 12101, 13259, 36693, 20933, 19513, 21097, 31821, 29962, 27657, 37867, 69636, 51923, 68644, 70195, 68580, 69910, 60236, 80180, 96572, 91069, 60438, 81419, 38076, 91900, 69176, 74877]
[3235, 8929, 9416, 11378, 12101, 13259, 36693, 20933, 19513, 21097, 31821, 29962, 27657, 37867, 69636, 51923, 68644, 70195, 68580, 69910, 60236, 80180, 96572, 91069, 60438, 81419, 38076, 91900, 69176, 74877]
[3235, 8929, 9416, 11378, 12101, 13259, 36693, 20933, 19513, 21097, 31821, 29962, 27657, 37867, 69636, 51923, 68644, 70195, 68580, 69910, 60236, 80180, 96572, 91069, 60438, 81419, 38076, 91900, 69176, 74877]
[3235, 8929, 9416, 11378, 12101, 13259, 36693, 20933, 19513, 21097, 31821, 29962, 27657, 37867, 69636, 51923, 68644, 70195, 68580, 69910, 60236, 80180, 96572, 91069, 60438, 81419, 38076, 91900, 69176, 74877]
[3235, 8929, 9416, 11378, 12101, 13259, 36693, 20933, 19513, 21097, 31821, 29962, 27657, 37867, 69636, 51923, 68644, 70195, 68580, 69910, 60236, 80180, 96572, 91069, 60438, 81419, 38076, 91900, 69176, 74877]
[3235, 8929, 9416, 11378, 12101, 13259, 36693, 20933, 19513, 21097, 31821, 29962, 27657, 37867, 69636, 51923, 68644, 70195, 68580, 69910, 60236, 80180, 96572, 91069, 60438, 81419, 38076, 91900, 69176, 74877]
[3235, 8929, 9416, 11378, 12101, 13259, 36693, 20933, 19513, 21097, 31821, 29962, 27657, 37867, 69636, 51923, 68644, 70195, 68580, 69910, 60236, 80180, 96572, 91069, 60438, 81419, 38076, 91900, 69176, 74877]
[3235, 8929, 9416, 11378, 12101, 13259, 36693, 20933, 19513, 21097, 31821, 29962, 27657, 37867, 69636, 51923, 68644, 70195, 68580, 69910, 60236, 80180, 96572, 91069, 60438, 81419, 38076, 91900, 69176, 74877]
[3235, 8929, 9416, 11378, 12101, 13259, 19513, 20933, 21097, 36693, 31821, 29962, 27657, 37867, 69636, 51923, 68644, 70195, 68580, 69910, 60236, 80180, 96572, 91069, 60438, 81419, 38076, 91900, 69176, 74877]
[3235, 8929, 9416, 11378, 12101, 13259, 19513, 20933, 21097, 36693, 31821, 29962, 27657, 37867, 69636, 51923, 68644, 70195, 68580, 69910, 60236, 80180, 96572, 91069, 60438, 81419, 38076, 91900, 69176, 74877]
[3235, 8929, 9416, 11378, 12101, 13259, 19513, 20933, 21097, 36693, 31821, 29962, 27657, 37867, 69636, 51923, 68644, 70195, 68580, 69910, 60236, 80180, 96572, 91069, 60438, 81419, 38076, 91900, 69176, 74877]
[3235, 8929, 9416, 11378, 12101, 13259, 19513, 20933, 21097, 36693, 31821, 29962, 27657, 37867, 69636, 51923, 68644, 70195, 68580, 69910, 60236, 80180, 96572, 91069, 60438, 81419, 38076, 91900, 69176, 74877]
[3235, 8929, 9416, 11378, 12101, 13259, 19513, 20933, 21097, 36693, 31821, 29962, 27657, 37867, 69636, 51923, 68644, 70195, 68580, 69910, 60236, 80180, 96572, 91069, 60438, 81419, 38076, 91900, 69176, 74877]
[3235, 8929, 9416, 11378, 12101, 13259, 19513, 20933, 21097, 27657, 29962, 31821, 36693, 37867, 69636, 51923, 68644, 70195, 68580, 69910, 60236, 80180, 96572, 91069, 60438, 81419, 38076, 91900, 69176, 74877]
[3235, 8929, 9416, 11378, 12101, 13259, 19513, 20933, 21097, 27657, 29962, 31821, 36693, 37867, 69636, 51923, 68644, 70195, 68580, 69910, 60236, 80180, 96572, 91069, 60438, 81419, 38076, 91900, 69176, 74877]
[3235, 8929, 9416, 11378, 12101, 13259, 19513, 20933, 21097, 27657, 29962, 31821, 36693, 37867, 69636, 51923, 68644, 70195, 68580, 69910, 60236, 80180, 96572, 91069, 60438, 81419, 38076, 91900, 69176, 74877]
[3235, 8929, 9416, 11378, 12101, 13259, 19513, 20933, 21097, 27657, 29962, 31821, 36693, 37867, 69636, 51923, 68644, 70195, 68580, 69910, 60236, 80180, 96572, 91069, 60438, 81419, 38076, 91900, 69176, 74877]
[3235, 8929, 9416, 11378, 12101, 13259, 19513, 20933, 21097, 27657, 29962, 31821, 36693, 37867, 69636, 51923, 68644, 70195, 68580, 69910, 60236, 80180, 96572, 91069, 60438, 81419, 38076, 91900, 69176, 74877]
[3235, 8929, 9416, 11378, 12101, 13259, 19513, 20933, 21097, 27657, 29962, 31821, 36693, 37867, 69636, 51923, 68644, 70195, 68580, 69910, 60236, 80180, 96572, 91069, 60438, 81419, 38076, 91900, 69176, 74877]
[3235, 8929, 9416, 11378, 12101, 13259, 19513, 20933, 21097, 27657, 29962, 31821, 36693, 37867, 69636, 51923, 68644, 70195, 68580, 69910, 60236, 80180, 96572, 91069, 60438, 81419, 38076, 91900, 69176, 74877]
[3235, 8929, 9416, 11378, 12101, 13259, 19513, 20933, 21097, 27657, 29962, 31821, 36693, 37867, 69636, 51923, 68644, 70195, 68580, 69910, 60236, 80180, 96572, 91069, 60438, 81419, 38076, 91900, 69176, 74877]
[3235, 8929, 9416, 11378, 12101, 13259, 19513, 20933, 21097, 27657, 29962, 31821, 36693, 37867, 69636, 51923, 68644, 70195, 68580, 69910, 60236, 80180, 96572, 91069, 60438, 81419, 38076, 91900, 69176, 74877]
[3235, 8929, 9416, 11378, 12101, 13259, 19513, 20933, 21097, 27657, 29962, 31821, 36693, 37867, 69636, 51923, 68644, 70195, 68580, 69910, 60236, 80180, 96572, 91069, 60438, 81419, 38076, 91900, 69176, 74877]
[3235, 8929, 9416, 11378, 12101, 13259, 19513, 20933, 21097, 27657, 29962, 31821, 36693, 37867, 69636, 51923, 68644, 70195, 68580, 69910, 60236, 80180, 96572, 91069, 60438, 81419, 38076, 91900, 69176, 74877]
[3235, 8929, 9416, 11378, 12101, 13259, 19513, 20933, 21097, 27657, 29962, 31821, 36693, 37867, 38076, 51923, 60236, 60438, 68580, 68644, 69636, 69176, 74877, 69910, 70195, 81419, 91069, 91900, 96572, 80180]
[3235, 8929, 9416, 11378, 12101, 13259, 19513, 20933, 21097, 27657, 29962, 31821, 36693, 37867, 38076, 51923, 60236, 60438, 68580, 68644, 69636, 69176, 74877, 69910, 70195, 81419, 91069, 91900, 96572, 80180]
[3235, 8929, 9416, 11378, 12101, 13259, 19513, 20933, 21097, 27657, 29962, 31821, 36693, 37867, 38076, 51923, 60236, 60438, 68580, 68644, 69636, 69176, 74877, 69910, 70195, 81419, 91069, 91900, 96572, 80180]
[3235, 8929, 9416, 11378, 12101, 13259, 19513, 20933, 21097, 27657, 29962, 31821, 36693, 37867, 38076, 51923, 60236, 60438, 68580, 68644, 69636, 69176, 74877, 69910, 70195, 81419, 91069, 91900, 96572, 80180]
[3235, 8929, 9416, 11378, 12101, 13259, 19513, 20933, 21097, 27657, 29962, 31821, 36693, 37867, 38076, 51923, 60236, 60438, 68580, 68644, 69636, 69176, 74877, 69910, 70195, 81419, 91069, 91900, 96572, 80180]
[3235, 8929, 9416, 11378, 12101, 13259, 19513, 20933, 21097, 27657, 29962, 31821, 36693, 37867, 38076, 51923, 60236, 60438, 68580, 68644, 69636, 69176, 74877, 69910, 70195, 81419, 91069, 91900, 96572, 80180]
[3235, 8929, 9416, 11378, 12101, 13259, 19513, 20933, 21097, 27657, 29962, 31821, 36693, 37867, 38076, 51923, 60236, 60438, 68580, 68644, 69636, 69176, 74877, 69910, 70195, 81419, 91069, 91900, 96572, 80180]
[3235, 8929, 9416, 11378, 12101, 13259, 19513, 20933, 21097, 27657, 29962, 31821, 36693, 37867, 38076, 51923, 60236, 60438, 68580, 68644, 69636, 69176, 74877, 69910, 70195, 81419, 91069, 91900, 96572, 80180]
[3235, 8929, 9416, 11378, 12101, 13259, 19513, 20933, 21097, 27657, 29962, 31821, 36693, 37867, 38076, 51923, 60236, 60438, 68580, 68644, 69636, 69176, 74877, 69910, 70195, 81419, 91069, 91900, 96572, 80180]
[3235, 8929, 9416, 11378, 12101, 13259, 19513, 20933, 21097, 27657, 29962, 31821, 36693, 37867, 38076, 51923, 60236, 60438, 68580, 68644, 69636, 69176, 74877, 69910, 70195, 81419, 91069, 91900, 96572, 80180]
[3235, 8929, 9416, 11378, 12101, 13259, 19513, 20933, 21097, 27657, 29962, 31821, 36693, 37867, 38076, 51923, 60236, 60438, 68580, 68644, 69176, 69636, 74877, 69910, 70195, 81419, 91069, 91900, 96572, 80180]
[3235, 8929, 9416, 11378, 12101, 13259, 19513, 20933, 21097, 27657, 29962, 31821, 36693, 37867, 38076, 51923, 60236, 60438, 68580, 68644, 69176, 69636, 74877, 69910, 70195, 81419, 91069, 91900, 96572, 80180]
[3235, 8929, 9416, 11378, 12101, 13259, 19513, 20933, 21097, 27657, 29962, 31821, 36693, 37867, 38076, 51923, 60236, 60438, 68580, 68644, 69176, 69636, 74877, 69910, 70195, 81419, 91069, 91900, 96572, 80180]
[3235, 8929, 9416, 11378, 12101, 13259, 19513, 20933, 21097, 27657, 29962, 31821, 36693, 37867, 38076, 51923, 60236, 60438, 68580, 68644, 69176, 69636, 74877, 69910, 70195, 81419, 91069, 91900, 96572, 80180]
[3235, 8929, 9416, 11378, 12101, 13259, 19513, 20933, 21097, 27657, 29962, 31821, 36693, 37867, 38076, 51923, 60236, 60438, 68580, 68644, 69176, 69636, 74877, 69910, 70195, 81419, 91069, 91900, 96572, 80180]
[3235, 8929, 9416, 11378, 12101, 13259, 19513, 20933, 21097, 27657, 29962, 31821, 36693, 37867, 38076, 51923, 60236, 60438, 68580, 68644, 69176, 69636, 69910, 74877, 70195, 81419, 91069, 91900, 96572, 80180]
[3235, 8929, 9416, 11378, 12101, 13259, 19513, 20933, 21097, 27657, 29962, 31821, 36693, 37867, 38076, 51923, 60236, 60438, 68580, 68644, 69176, 69636, 69910, 70195, 74877, 81419, 91069, 91900, 96572, 80180]
[3235, 8929, 9416, 11378, 12101, 13259, 19513, 20933, 21097, 27657, 29962, 31821, 36693, 37867, 38076, 51923, 60236, 60438, 68580, 68644, 69176, 69636, 69910, 70195, 74877, 81419, 91069, 91900, 96572, 80180]
[3235, 8929, 9416, 11378, 12101, 13259, 19513, 20933, 21097, 27657, 29962, 31821, 36693, 37867, 38076, 51923, 60236, 60438, 68580, 68644, 69176, 69636, 69910, 70195, 74877, 81419, 91069, 91900, 96572, 80180]
[3235, 8929, 9416, 11378, 12101, 13259, 19513, 20933, 21097, 27657, 29962, 31821, 36693, 37867, 38076, 51923, 60236, 60438, 68580, 68644, 69176, 69636, 69910, 70195, 74877, 81419, 91069, 91900, 96572, 80180]
[3235, 8929, 9416, 11378, 12101, 13259, 19513, 20933, 21097, 27657, 29962, 31821, 36693, 37867, 38076, 51923, 60236, 60438, 68580, 68644, 69176, 69636, 69910, 70195, 74877, 81419, 91069, 91900, 96572, 80180]
[3235, 8929, 9416, 11378, 12101, 13259, 19513, 20933, 21097, 27657, 29962, 31821, 36693, 37867, 38076, 51923, 60236, 60438, 68580, 68644, 69176, 69636, 69910, 70195, 74877, 80180, 81419, 91069, 96572, 91900]
[3235, 8929, 9416, 11378, 12101, 13259, 19513, 20933, 21097, 27657, 29962, 31821, 36693, 37867, 38076, 51923, 60236, 60438, 68580, 68644, 69176, 69636, 69910, 70195, 74877, 80180, 81419, 91069, 96572, 91900]
[3235, 8929, 9416, 11378, 12101, 13259, 19513, 20933, 21097, 27657, 29962, 31821, 36693, 37867, 38076, 51923, 60236, 60438, 68580, 68644, 69176, 69636, 69910, 70195, 74877, 80180, 81419, 91069, 96572, 91900]
[3235, 8929, 9416, 11378, 12101, 13259, 19513, 20933, 21097, 27657, 29962, 31821, 36693, 37867, 38076, 51923, 60236, 60438, 68580, 68644, 69176, 69636, 69910, 70195, 74877, 80180, 81419, 91069, 96572, 91900]
[3235, 8929, 9416, 11378, 12101, 13259, 19513, 20933, 21097, 27657, 29962, 31821, 36693, 37867, 38076, 51923, 60236, 60438, 68580, 68644, 69176, 69636, 69910, 70195, 74877, 80180, 81419, 91069, 96572, 91900]
[3235, 8929, 9416, 11378, 12101, 13259, 19513, 20933, 21097, 27657, 29962, 31821, 36693, 37867, 38076, 51923, 60236, 60438, 68580, 68644, 69176, 69636, 69910, 70195, 74877, 80180, 81419, 91069, 91900, 96572]
[3235, 8929, 9416, 11378, 12101, 13259, 19513, 20933, 21097, 27657, 29962, 31821, 36693, 37867, 38076, 51923, 60236, 60438, 68580, 68644, 69176, 69636, 69910, 70195, 74877, 80180, 81419, 91069, 91900, 96572]
[3235, 8929, 9416, 11378, 12101, 13259, 19513, 20933, 21097, 27657, 29962, 31821, 36693, 37867, 38076, 51923, 60236, 60438, 68580, 68644, 69176, 69636, 69910, 70195, 74877, 80180, 81419, 91069, 91900, 96572]
[3235, 8929, 9416, 11378, 12101, 13259, 19513, 20933, 21097, 27657, 29962, 31821, 36693, 37867, 38076, 51923, 60236, 60438, 68580, 68644, 69176, 69636, 69910, 70195, 74877, 80180, 81419, 91069, 91900, 96572]
[3235, 8929, 9416, 11378, 12101, 13259, 19513, 20933, 21097, 27657, 29962, 31821, 36693, 37867, 38076, 51923, 60236, 60438, 68580, 68644, 69176, 69636, 69910, 70195, 74877, 80180, 81419, 91069, 91900, 96572]
After sorting:
[3235, 8929, 9416, 11378, 12101, 13259, 19513, 20933, 21097, 27657, 29962, 31821, 36693, 37867, 38076, 51923, 60236, 60438, 68580, 68644, 69176, 69636, 69910, 70195, 74877, 80180, 81419, 91069, 91900, 96572]
Number of swap :42
Number of compair: 83

d)
_____________________________________________________________________________________________________________________________________________________________________________________
With N = 100
Using Bubble Sort
Time: 349000

Using Insert Sort
Time: 123800

Using Selection Sort
Time: 190500

Using Merge Sort
Time: 95100

Using Quick Sort
Time: 50300

_____________________________________________________________________________________________________________________________________________________________________________________
With N = 1000
Using Bubble Sort
Time: 7263600

Using Insert Sort
Time: 2482800

Using Selection Sort
Time: 2257600

Using Merge Sort
Time: 483300

Using Quick Sort
Time: 272500

_____________________________________________________________________________________________________________________________________________________________________________________
With N = 10000
Using Bubble Sort
Time: 93980400

Using Insert Sort
Time: 23093200

Using Selection Sort
Time: 42990100

Using Merge Sort
Time: 1872100

Using Quick Sort
Time: 1019200

_____________________________________________________________________________________________________________________________________________________________________________________
With N = 100000
Using Bubble Sort
Time: 18871133400

Using Insert Sort
Time: 2612498400

Using Selection Sort
Time: 4197376500

Using Merge Sort
Time: 23092900

Using Quick Sort
Time: 12415600

=>
- Vói mọi độ lớn của N thì Bubble sort luôn chạy lâu nhất, Quick sort luôn chạy nhanh nhất.
- Với độ lớn N nhỏ thì ngoài Bubble và Quick sort thì thời gian chaỵ của các thuật toán còn lại khác biệt tương đối nhỏ.
- Tuy nhiên với N càng lớn thì Quick Sort và Merge Sort tỏ ra vượt trội hơn hẳn.
=> Ưu tiên sử dụng quick sort và merge sort trong các trường hợp cần tối ưu về mặt thời gian chạy với các mảng có số phần tử lớn.
Trong trường hợp N nhỏ, tùy vào nhu cầu về thời gian, không gian hay độ đơn giản của code để lựa chọn sao cho phù hợp.